816110278944751637
816106172209299499
816114551270801408
816113440577814528
816110017009942548
816109438057578536
816110850188115998
816108754905989170
816112286665932843
816112558452768789
816113287098925126
816114480974135327
816109572003069983
816112647669547118
816113576884305990
816113037865386026
816112161692188724
816112015541665793
816110155619631113
816109375562317824
816113517517602827
816109497193070623
816108888575180800
816110413976305725
816111531379916821
816110978391474247
816114417371709502
816110493512237096
816110625791934466
816113208141807618
816109736936210462
816110554044956712
816109117151510558
816106172209299497
